348
513
475
388
373
431
463
461
517
400
391
450
500
452
366
414
408
525
524
387
376
378
526
449
412
536
439
446
509
489
398
419
405
554
396
520
458
533
540
438
568
356
469
442
502
361
528
571
553
565
514
558
415
508
497
432
375
493
477
504
478
445
537
354
473
547
560
532
529
484
494
451
420
392
436
485
516
491
506
362
544
481
426
466
372
519
535
462
570
352
355
390
417
363
522
421
476
424
542
487
402
534
397
566
551
395
437
512
381
470
353
367
371
380
482
569
409
495
559
567
433
518
499
511
521
456
510
360
539
465
394
555
349
389
428
369
435
440
455
548
460
505
531
563
488
459
486
492
538
543
530
453
557
359
472
523
403
490
406
527
410
416
507
467
474
413
423
407
374
404
545
368
496
379
572
515
480
541
377
385
448
457
357
503
483
434
429
546
430
370
479
471
561
418
350
382
422
383
562
425
556
444
549
173
198
427
34
501
454
351
441
364
564
399
393
447
358
468
411
498
365