414
475
373
461
391
376
524
348
436
378
412
513
438
669
553
514
558
651
431
683
614
506
544
668
363
400
542
637
566
559
395
428
500
606
604
591
567
607
374
465
580
496
492
370
641
423
601
394
676
107
515
590
674
563
483
434
561
556
649
594
173
427
667
611
603
597
579
592
684
677
647
583
661
578
576
615
600
595
582
599
635
632
675
662
670
628
658
643
659
577
665
681
640
650
627
631
584
602
639
678
682
660
616
679
622
621
596
636
680
625
619
620
609
588
618
573
629
666
672
612
589
664
575
685
623
644
574
617
626
655
605
653
630
654
598
633
638
422
663
657