686
783
717
837
843
797
728
831
803
823
705
763
820
748
824
745
856
697
804
730
709
849
719
737
755
817
836
765
716
769
782
747
774
770
718
841
792
720
781
808
838
764
819
807
708
840
698
852
780
814
809
687
828
830
754
759
739
827
815
700
758
787
798
779
835
703
790
741
793
832
812
805
775
722
771
768
813
746
854
733
786
789
691
806
742
850
757
833
736
816
743
776
788
796
725
707
818
732
802
699
702
714
712
810
822
839
689
791
767
729
710
735
761
762
825
692
811
753
715
772
853
752
821
777
695
845
693
701
731
834
760
800
706
713
694
847
688
773
844
724
778
766
726
696
851
721
801
744
785
846
749
704
750
740
734
784
756
848
799
723
826
738
690
751
727
842
711
794
795
829
855