1912
2540
2047
2543
2332
2183
2094
1941
2014
2571
2009
2011
2657
1931
2639
2640
2645
1999
2000
1998
2284
2585
2001
2020
2192
2159
2024
2297
1921
1995
2004
2378
2006
2346
2116
2648
2647
2459
2337
2022
2658
2660
2659
2018
2268
2633
1976
2341
1968
1927
1954
2447
1928
2157
2472
1991
1950
2627
2626
1914
2016
2012
136
2364
2636
2494
2015
2097
2620
2583
1951
2538
1935
2143
2025
2027
2171
1919
2456
2108
2369
2046
2059
2439
2531
2185
2254
2548
2461
2558
2375
2219
2217
2621
2567
2026
2191
2153
2498
1959
1923
1947
2134
2125
2502
2224
2516
2519
2582
2649
2298
2643
2295
2163
2283
2099
2304
2358
2247
2246
2555
2230
2052
2523
2455
2382
2204
2541
2437
2241
1985
2142
563
2042
2470
2344
2421
2174
1465
2266
2034
428
2111
2096
2468
2176
2186
2031
2310
2419
2209
1964
2557
2641
2318
2038
2525
2416
2133
2610
2325
2211
2296
2506
2573
2426
2561
2348
2098
2137
1956
2528
2425
2512
2560
2336
1949
2458
2605
2424
2017
1915
2221
2642
2120
2501
2587
2598
1996
2542
2581
1922
2232
2023
2316
2156
2565
2062
2328
2577
2168
2114
2231
2041
2243
2113
2100
2521
2182
2081
2550
2086
2030
1925
1918
2287
2184
2476
2164
2262
2556
2553
2593
2579
2045
2464
1989
2443
2462
2308
2190
2477
2586
1993
2121
2613
2507
2021
1962
2073
2408
2391
2104
2611
2123
2575
2311
2374
2276
2334
2179
2356
2484
2428
2084
2638
2005
2093
2092
2060
2395
2078
2572
2306
2549
2200
2063
2350
2055
2418
2607
2069
2500
1938
2261
2393
2240
2559
2352
2339
2140
2387
2532
2154
2112
2040
2212
2275
1942
2591
2139
2118
2172
2536
2469
2324
2363
2237
1963
2615
2551
1979
2407
1917
1946
2624
2655
2489
2499
2257
1953
2210
2386
2218
2233
2625
2122
2495
2546
2381
1986
2131
2077
2229
1943
2442
2056
2019
1969
2290
2485
2165
2088
2392
2410
2584
2043
2347
2563
2271
1984
2526
2216
2258
2064
2492
2244
2300
2353
2504
2630
2090
2590
2430
2278
2446
2103
2478
2520
2329
2136
2600
2189
1929
2423
2007
2578
2234
2288
2115
2253
1971
2604
2449
2147
2606
2414
1983
2299
1997
2293
2033
2074
2602
2220
1966
2067
2654
2460
2124
2109
2048
2201
2267
2576
2619
2564
2409
2482
2623
2309
2206
2539
2631
2370
2359
2404
2326
2574
2037
2601
2646
2095
2188
2433
2307
2083
2323
2354
2376
2340
2150
2394
2282
2072
2110
2053
2075
2294
2054
2479
2177
2384
2509
2377
2652
2003
2451
2161
2511
2333
2438
2002
2222
2415
1981
2280
1939
2252
2396
2132
2235
2432
2568
2434
2301
2327
2399
1970
1967
58
2274
2603
2101
2199
2617
2390
2537
2431
2321
2260
1952
2106
2398
2320
2259
2622
2349
2513
2444
2486
2255
2170
2515
2401
1992
2650
2466
2076
1988
2057
2385
1987
2215
1980
1958
1957
2365
2061
2518
1973
1972
2225
2595
2457
2527
2483
2588
2629
2436
2292
2635
2302
2544
2463
2128
2535
2481
2570
1961
2245
2126
2167
2487
1577
2491
2149
2402
2413
2066
2517
2422
2263
2371
2256
2529
2445
2534
2082
2524
2227
2614
2454
2400
2632
2441
2129
2389
2010
2345
2497
2450
2065
2291
2355
2251
2036
2270
2312
1977
2249
2448
2628
2051
2169
2514
2214
2130
2530
2265
2488
1913
2367
2138
1920
2533
2194
2592
2250
1718
2594
2187
2148
2068
2372
1945
2597
2475
2608
2087
2471
2223
2273
2589
1955
2028
2151
2135
2196
2279
2203
2289
2319
2351
2102
2420
2473
1932
2117
1994
2071
2032
2338
2343
2315
2127
1948
2616
2039
2496
2653
2609
2465
2144
2599
2440
2119
2634
2411
2452
2049
2286
2181
2080
2397
1933
2178
1937
2238
2160
2029
2373
2314
2403
2008
2342
2175
2162
2277
2228
2013
2569
2105
1936
2158
2357
2322
1990
2562
2412
2566
1930
2360
2152
2379
2656
2089
2366
2155
2362
2193
2141
2242
1934
2236
2035
2637
2272
2085
1965
1944
2335
2618
2317
2361
2388
2503
1960
2313
2406
2580
2612
2474
2197
1926
2070
2480
2145
2173
2091
2146
2248
2405
2331
1975
1978
2453
2505
1974
2208
2651